837887887910633512
899101441849958421
786330175952519219
959134743776075877
698768717810761758
925416116191363082
750599226534264862
773651229808525322
967124602423762984
737501056266797056
771079581737549846
761805064041136129
807264775351435325
809215476575240223
902651237617512469
896495616748838913
104414387502071808
836554462242799636
919324011748548638
803861962873765929
916795025508143105
750415442341789886
828143120767909919
330270606098432000
855630821851791400
226803325582966785
696649475455844404
852393174630006784
725738282704699392
746393838402142328
700323978635509881
948404437758656585
811092901466865664
822558709691187261
682357249490157598
484008968906342400
830884896976535572
764101794175123467
866145170557501470
752233018659176529
922604375984185446
816236976624762913
850976271021113344
949718012628463639
527754036297072640
802028191047745556
901254900170784769
688164497982095376
479854342761873408
690716512905855096
849781072585818142
864739147801821185
912720024194654239
873034873517015121
780761861124784178
790339431672184832
888985021917048843
854278073612369950
830856533100593172
844550268830089217
852738694808862743
855843354335510558
612553463917707285
828432275493748776
707755774381654037
768398737676435486
852261281151057990
910322385851412491
857155726036434974
976185376265863168
853346296109858817
894707013014147123
958515144407781418
704153268938604596
627292258894610472
902705887360204810
532052753837588512
823372679968718898
886306688183988225
871038464383143937
939146943211384853
774216944396140594
894954966047940659
567100276054556687
941025043838812160
829242914479669308
861801356749701120
822245725705601074
774901201124065292
899450997871620178
734222773597241367
922814165066846248
968275016259088504
862163082426974228
906532325087670293
954989520619704350
809406983760904282
897356071113461790
762057906803703808
755162582196682894
929963668685336626
803241341436952576
954973144769236992
870146632895840286
775550118283182080
804427962111623210
934775202561277972
174410356179992576
843642217418719253
491378580279001098
839755867846606849
733240526748254278
677955435675779102
242026051553722369
735397889123287051
801926263136059488
742771024311091331
716751236262658108
605800935750631424
556475394602172446
759456884649623553
487738132029243412
859052397435289630
383700430515077120
671433264782901260
877326513052221501
423583927182163969
792504241909661726
856948149310324746
812552264711274536
885334097852002365
711416541542875227
781681170365546498
584770164629831705
658267060555481090
796201259677384704
881422058423222272
494992865621966868
606571577991102501
894022035771101194
770242953762963497
340181021523836928
845487810978119714
336942136329109504
702551592880308324
951843178439393290
287646381361987584
477621929407414273
927576326485979207
952989091128033312
439768126020911134
937878337974599730
394884449885618177
699538812803743775
895158316039290920
811195405588627456
851302037555511296
715295393658830919
826594112802521110
943901416710340609
517114250053812235
708075966236459010
979110003661234278
967806789225693264
895396304446959647
950399051046744094
862455795186925610
578599265681670155
935232428707049512
925883128759873606
828012322156445726
885654980739084318
577905165202620416
710219328846430348
729432530117460098
864277709285490739
893967515259133952
839471116913082398
800569400561893416
758491048971468821
899560814833434636
256458106836353024
251140301098450954
903536422529671178
950918180048621578
901895117282086953
881945960949882901
672654205944725534
788156185139740722
899238156191281182
269433966971453440
837365759960416296
353800506797195274
740062894787526687
840325202742607872
768348659317866586
834619052957630524
119238321934172161
323977342441488384
756749837050839152
812111664241049640
856884138946199552
770680427244945449
695727243850154096
821207672908283955
958119172179640320
687013761063583767
926174761212592219
912390076921688107
852718418737758248
476087741323673610
764419739069972490
606314904852627506
958912048778076160
813221688967823411
813889272338972752
741791529550741634
777001085553606657
861650229371994173
581978988302565376
776101836540477450
855114393657540609
463270206035197953
878412373008990238
833515966608441354
929309145423835137
543154013940482080
966991914278731836
779031085967081522
882391024826191932
872629260127469659
670103341858160651
556397254848806932
870507430356844544
276562804943618049
339558145317797888
635990127616983053
269901916467625984
957858966304600075
819779957165129738
432644846314979328
884829050038804480
784852929361608714
942054520492552243
934541710581723156
761023659527634954
806120926882168873
721731295603982419
678694748529229858
855598668568330310
733519395891970078
908532510466654209
752730816291012661
873193957507624990
924487815931256833
589482672976298004
730342800192700506
957036086620725258
808941222583468032
953771950411497512
811366418741461033
691771271129858129
773608812833538048
529920651218255892
811682107205746688
961402677101756487
934339487687901214
880971876543905842
838909250457567263
889998312793571359
857689879814209548
347115582262607872
742834298864009216
791216804009213954
917616940002983966
343968036388077568
800525696274268190
988289051616477214
691491494967640074
744588263414562898
938963927344230450
492837844285521931
744734970333102160
720976691199213650
403358764163399691
879525544604102678
741183631212675072
552103206449053697
377196340775485441
911482731416911913
789716897946927144
912537750840946748
349350534232277003
552598157226278913
846840600484511794
717408014109376588
770685568077266974
952964598468866069
839928305666752592
937922832141262848
397342859356930048
793913376056148020
891134982070894652
969172364271161344
131852970462543872
449301995090739210
786249838042808321
930659804811235348
286297616818634753
757368067163553853
558812787183452173
541983918354595851
700445165726466150
853389309793009714
868701886562332712
699236887751032902
613581724110159873
923710730732191775
846352772688773142
480747486865260544
845361232520151071
907072774747594772
105843561504784384
803419769717260348
773158987536400384
796080489601433700
753708225022656614
779465911845126215
728284633556582513
867445510125781014
848138894993129483
944414658771714108
865353759566462987
560282925749370884
946642225771728968
627982048778387456
883891354478972989
839631685279547432
733278262792552458
725774532400644158
863239086146977813
819542092934021121
373736981114519552
714646350838366208
864109788648439818
807459448041242624
868351784521973800
835215608571363398
590602343477936159
972233898207617095
828552226460270622
412315624199553026
916667035986051122
600418410161111054
769783168151846942
800204395354521611
891459663781036062
595754548291698688
643865219059417138
926586100909232138
620748423129202689
896937761054027866
602645976469209117
709591029170307143
666647488756973599
731967446751248395
838656557267812394
904900466498998292
823405716848902224
852917268785922088
484194887374209038
276122287001042944
857455747784900610
759259993660457011
896201533174206474
798189716426981376
825839059715883048
785951909722849292
634537497472532481
830126738423283823
823582899390906379
325599561798254592
758602679244554252
841187309981794314
450414156332400640
817435634783485995
669399439521087518
889156301056262205
416076348793159680
914284366451056650
757379991649517663
956612287391752222
899522584452927509
670719544125292551
962452438785343568
611281907585384657
764322011555430401
866208158304305194
867833860699455518
776270134750871572
542545888749420544
769260356949508106
530886654630821890
919085382094704721
748751391845122068
895519494431195147
852456547840819260
491604486486228992
700846664776286279
967762244937068565
735053006709456917
914942832115081287
233032733742333952
695128600629739550
293868567940825100
720415084643614780
906376106934935563
924497526009237526
804319208502198302
675874406756646913
700445252170940448
874400798526804008
435300336521969664
953485163927576648
826608906288758875
830420504220663828
866310033491230770
511367513477611521
839705026627895326
704093783440097310
944045844708089906
815995493837963334
899475745850687569
870522052291989594
929807698726379540
834276928101810196
924783956308672594
974034845753823322
409483535750135812
942653930691780688
727837388541263872
738551843340156968
735470951348699167
915739071446384721
690824687088959500
737114067587825754
880182443951423538
873466749754945586
858298891186208798
377117959274889217
743614526825431131
820573069155893258
765261902304510032
834206822168002590
903839372397395968
778995069839081492
608804354496921650
744757909740716146
941911923765694514
700997266265210980
703627665931894795
827645257730621470
906561092195602482
710674913609908294
789572592239247390
946432793997631528
714985971808206930
717033953328103605
448582704284303360
763580635910373386
843201182276386817
631528001162706945
702521576008187995
803742375053885482
924034534482247680
510063953007738880
820316933265424434
783024990080466955
874709148758077510
825556763813871617
885970347252408401
332844346602815488
897544888697094144
913302292692877312
936445891500474368
699240743855718520
797928588347310119
880227451685470239
896587467313004545
867994209444053012
753742308993925220
836457097888923658
833678442733895720
797188087926882366
906756775158611989
454434208182566913
748210677063221418
648579255768186911
774260080274309130
792147323409006652
656318169090228245
967744486610468874
888835731777257503
874911304123572224
936240641548107806
249109977887801345
793867275606163489
930905160551661589
399536803524247553
667333571639508996
796485509097979965
928026636237013082
977014568050106378
965111179527725066
919164295965704192
889645691675238420
873584433540763659
261647783587479562
463336226347286538
795541485675085895
723002322283790387
577973481749086223
850936714280042527
708088129118273537
825524063580979240
736675050840653825
589705382893584385
801366316497895435
623922869377826847
917838977208291389
760883148489097217
714472510187503647
721186837309161482
906561047018737695
820499011387654194
788713454701772821
918992628824027207
728604857270927412
758100795244675132
830034264522752011
763330895368683561
763172339743457290
884921632458670122
516363042624110612
461236942369980457
572932935313915904
676188236493619212
861809519108423680
939357629262729286
982022738258567208
726360283299315782
814388271554887710
772963086746910753
961299830645358626
329634304084934658
517164216939970560
309024765027418112
758233608212316181
612707713872429107
783881592799625236
666734351869804546
776471428610129960
911241825556234282
797577441321287700
396096179659735040
872133592698986506
270743918851653633
458631139087876112
905559126778707998
569719710132994069
688191569043652721
213546842581893120
745101342993023069
933331302072066058
922918992128122890
660487028177371148
763563351972118548
830335934968365097
418788651137499138
863818601638264872
854257295172960286
840243475592380447
702207001609896076
772889358348845086
749421741897678978
742851857143300099
821364357715198003
831128205204914196
807940632315428864
925611932579401728
754039230749081774
762110266204225547
811420521312944158
505632751161049101
837856036533698610
714207947982372866
746387523995172925
790757716300922921
543079562334961665
758453856996163584
864699951694610452
372133645533708291
811719111578353665
883005754666287125
802451153341382687
557659519010996235
613498099754598400
742838392571559936
832335572667990047
922180486573482035
813166893086408714
599044900000104451
776816116113997854
743439368685092944
414584644881874944
844162286301085696
703050380153454644
812057217494810645
936407341199396895
848794936211800116
536696042649944064
960372874919686206
654838520862474240
826773793766768650
643285818118504449
716136323429171281
824817766891913267
978025060843520040
778785154831351838
554703819217567766
737097382642188349
926193493079097344
825118341273223169
722565095896383578
638050444475760675
779776033112064055
925315916005257216
943328552529571911
292137761513799691
874727117894606908
649800705133117444
623861450632593409
838134245041111050
640216644500848641
936379526043279380
830417439564496907
925781770367008859
742961889830764625
941441374400684062
536549775189999623
745895410161287199
397838225319657473
731399412747730994
742092286589927465
852871577824526365
496449609842032652
943990864353591326
642017627895758875
957092642636857364
716271302045859911
791901557910011964
515856251650048010
679127515389886464
569422462752653322
453985569568063492
979377162673070120
966073830319718491
844772131890921472
814817454668644372
911882120622899281
942276155304718417
501495451120435201
952775833355964436
587662201263751168
309828581603934218
568882132525514767
579823053371080709
847598270783946763
767174802816630805
929325624831643649
604872397740310530
877761523332841502
786274536135327765
802486828837371944
722200751815917700
477208173778829312
658418119051837440
770783870911905872
827368517450858546
939509550439084032
557764803683155999
774779917350731787
635109639641628672
734525146794295308
843619011055845376
894326321969258546
779344512714670100
830251246618148885
448936359172898827
439727839965741056
911408011522748436
858042252429623326
865545642439737359
687416345742409736
751629801197928451
971294917789904897
859240379576746014
932350634986963015
716398036594720809
919522084550479904
294867575483924480
797249265595580447
732914601355771906
865109004867207208
766858148299407380
313662697000402955
910826817936580648
826125728201965568
850564544287342603
842377651062308874
823464003228532846
738106813119070329
825897834456416297
872863689483624468
792865779015090196
930332790564741151
939209231469531217
813598412959252510
905447214757859349
638081766569017376
970062196639924284
756380738349170689
786642748635086868
714348312106500156
858855512938512395
337372679730626561
812078192672243732
809664018469617715
443021305869107200
841688384765952010
894026194238988338
730662222757494888
723355396751884339
816535668519206974
938507380415688704
875904089265934387
465945132814958602
825156441694011402
765975796841054240
726287624809087147
833056024994381884
776635847768408087
891800943669170177
704173511240974408
855005957389025291
597120378132889613
738849516589154336
758870666296164352
903654715181658132
784771658014523433
679817198348402909
795337172361281536
820142588299837460
579731376358686734
725609376521519144
807790612333723680
862159922494177290
939701078356791376
953701921569521714
813542320888086540
791243737811779584
693272503992320050
702958080744488992
559471329447772174
899641674853146665
947340485922529300
925591679770193931
918189209871863849
771130244718526474
706201569527463958
844205844300169296
721841714884509838
735927142164201556
763441403903606814
911240905560834079
603825331543080961
925957970209177701
845095216242622475
841736972417499177
744150043891859516
720010178111733901
820964050754076682
607019334275039260
584053351872724993
960377913126056047
844143261375528980
732769078413885461
915370282854797363
810890758449135617
949177553640382474
837004191326404638
583726425853657119
913304836726984744
629745481668493332
825406818120368170
929693395977379910
525837690093043712
596858992781951016
930332879504941057
752076275149176903
836345632628670584
876631800011698257
847997192589672498
547116471344431114
822191410731024424
763961368122228766
857056766708940811
615263845711085699
406168496620437515
587408988795306024
872542522595999784
711631936757432400
899696602577530942
909502414741192734
838073351650017300
773683914870489099
607153653308194830
986436955053109270
765210231508303873
890042487568207914
854024981561212970
746524339649904690
462218811253456906
512835890872188948
344973812896497666
885254361360523335
728909536877871165
832969842545000458
737518154703568917
636239136189317145
699888113438294018
968920976970612826
861027458593849356
404832597626191872
832429768212611132
910419420852154378
836429194346627127
777709956245618719
913518267522502716
953630679583830016
838489850919256164
814577483244503081
939305682216308737
914611888111906816
419313158713376768
873716905884676116
870000113131593779
738042695154532453
584814550742728774
820432051567198258
984793022090850325
764684000013975623
630282322066800640
815776820548206602
745987688582086737
921041205247242310
707258446378172426
796465211842363423
745237591959535616
863917109646327839
860400627934035999
951514479726837800
853610965529657344
578762080987906058
724995285461237782
908046608531324939
953118206032232478
758366101423259658
711315719656308737
904265467680681995
771211381797158933
405862581262352386
622541785599836200
784264182878044183
837029097291907092
858301593689653298
748690228792786985
841318509626523669
627650233198968845
714234436903895061
610638149391220750
389607331639590912
837316141889749052
504798995000852492
882068262794457088
748655571355304049
918337575511523329
916788678439866388
784616781880623105
737831531527274601
895349479983689788
536258422069264384
688132316815818876
723254324838400141
798681768924413974
727573247201378374
825644359755890718
829762342504890469
852807253236383764
756323530282369044
720604149854634055
830254882069413910
697089728415137944
938856785333354666
816417454057062490
968110052739264532
730015589514608670
840048726399647754
849350264016076840
810770205630398464
931058073538269225
756619764863860737
821205622627500032
566366277443256350
951272745956679760
781881975119937538
844980760145559603
566565266520277013
929556925857796096
922601703373701121
851727026414944286
745481748007223356
465705983713345547
668243674437779476
824166255728263198
832775076347904021
743629613527334962
804869169832132618
593123897755566103
917979686791946292
884446977390161931
740972049132027925
864696341150433280
696417676158828565
845874885829066782
861727079460765696
965804277274665020
617465915487027200
757386471866105886
882559191221403698
508545587574997003
826496296063729704
278702731567431680
789413860356522034
691727376085680171
427988499073990666
946977131982905424
331847853175603200
817992636526362634
699683770428686346
788995265007714336
876975577985335308
823214181146165258
800762709519368262
961188355108925440
521835640992825346
822758333650960394
525909186853470208
811160716236423199
836502923055202324
949302264747667547
822418152830140416
822605170923274241
581786503965966337
849314907718549554
904844304122544158
556333330446942208
759779687915454484
846735619912106036
808159197204054036
794097319053230092
734273893094654002
663150520919261244
847363035604582431
901365791713288213
493228683893407745
715506440076263493
769757959647002624
858839832372314183
598975735222370307
278115875184181249
568959767532535847
672196470321053696
826889275332624404
610958287004893227
761266646932258816
971965057611206766
539739160605360128
748002953687859211
726949749844082758
805532038102777876
874881558077657098
289997538214281226
746922639330770995
807949760899448832
697162158512799795
184393056362037248
878031046585770056
405376569851379712
541568431934144523
912076022592208956
530333610482335756
521805449285206026
869399453310779432
918695652333084703
588964786218205186
933163994850672700
907669349005951036
416983674555465729
824813443555000350
887828865953705984
685603175184728075
732470678401449994
851618208049266709
770521487769468928
915969946863960064
811825510661226496
682926363518435334
896774519820255232
897273983559405590
896941083680976937
897282263664979968
896690153177907210
897014023009206272
896913936924946442
897285076486864906
896911293360001024
897000397670088794
896758089347387392
896927654664613918
896669631425708032
896949333948239942
896790514794397766
897276762805899277
897032737330982963
896942699792433282
897282541638287442
896925825927102475
897039186803191808
896916270140772395
896668926308671498
897160365891260516
896927390788370463
897056656469397514
896742424989286430
897273655434821692
897006157300903946
896668565405573140
896584026893213727
897279978872389674
896796253952807032
896989070385889340
896930654149816332
896801662319095838
897274831794479145
896951292281360444
896989627347529798
896730398762086410
897040130475458560
896710065703223296
896914142722666526
896914946451996723
897291328856145961
896937143623123044
897153759371751474
897162313277263962
896891420940582932
896693587419467777
896921977397329960
897276139972735047
896928365456547840
897251473170259989
897274180058374196
896671469868814347
896686916282507285
896734152500609074
896941308046876732
896914484885618789
896925768909725696
896863696817623111
896920231241465876
896670722427064380
896795331205939310
897182311718715472
896825555054391306
896674677265666099
896608268200325132
897298864372080691
897092953028309002
896930554186969149
896909970723991562
896912788751011840
896929272772587581
897034569797206046
896797552077307925
896673488608301076
896789682791256096
896911022726729729
896925952163065896
896931192069316638
896918473081512016
897285969944920084
897154270376370287
896793664335015966
897031317257060362
897139769195253790
896916054922653747
896681294128353280
897093325855813642
896940970602532914
897158644599242772
896638582712836137
896919203964129291
897020829668368384
897036130896199690
897275446159355947
897036622376366100
896735364184686603
896916681773957120
897007203842682893
897031080081760267
897274384769765396
896674583850139648
897296356463489096
897280311166136320
896669108752486450
896959944736256051
897043775958949899
896673995867455508
896913819111153686
897164566801309767
896673386896433172
896671431071518730
897159299699212358
897038242849906688
897032062664581120
896673548561690664
897159940752412702
896912947815809085
896925600571334656
896673583391211520
896932567012503552
896674179754110997
897012361771249704
896916471446401064
897005060331032637
896915064697790485
897274806775463986
897273183995056189
896933544079786034
897023610659696650
897043486237421588
897288042132414564
897292807541252096
897274528017809470
896669137940643840
897288361667088464
897164930611044433
897021353323016223
896930637485862922
897281792644616232
896914777664794654
896800839568617564
896570221303853096
897272965861867571
896932822688870460
896673281346772992
897273222008021033
897037337366781992
896916739080720415
897161875249332286
896670440897011712
896931221945327647
896801334085419078
896913839029887026
896569544078950411
897292669250830357
897275818823262210
897034019101900871
896645702355157106
897088326111199263
896569062400864266
896944429686980620
896790001126375434
896912794694336512
896669838246834196
896911716619808768
896671834437746688
897282185801912321
896588877328941116
897282442573000707
896735349408161805
897282765169524777
896686249371377724
896707739940704288
897232753848901643
897272850833113218
897292542352175205
897275396674977852
896789315747717171
897283919412617257
897271573923373057
896914353742295090
896673686629810177
897044811729731634
897031284247920640
897277373098111046
896674929955713064
896911446204645467
896689171761086465
897072200954298379
896958095920611358
897036084406521886
896914683217477672
897157904891797584
896668690706231367
897294900893220924
897009904320122961
896789490276896851
897255272769290280
897290378674311228
897093754459152405
896926121847824394
897119920662413402
896578594770386994
896669809155129354
896922718337921054
897150803536650262
896932090795401246
897159055674605638
896680317660839947
896948203189047347
896821305716916304
896676634785103872
896929176639143958
897012820707782687
897038792253386755
896673439778213908
896642417183318087
897284524281589821
897285069163614208
896924824436363265
897038409703510066
897053548595019777
896932475530518569
896673616031264829
897166254371139655
897032980919361547
896914774158372864
897288864304078868
896796740777312316
896732883635556393
896672185744240670
896678338679164938
897124992800669746
897041514369273857
896919772271366155
896912843423768586
897039053420101654
896639759613591562
897282458058375229
896912021013024789
896910949989122079
896675139184373821
896673038387515432
896672101770084393
897062017771388941
897163582037454848
897281429606645800
897038484622159872
896914387883921419
896675555238367262
896914989011574786
897034285909966868
897243600696528926
897166566930653214
896669010949734490
896912634882965524
897035987870441494
897044285462028309
897049249085280257
897033528204730409
897292668793651231
896911540513546270
897049540912361532
896669115534671892
896911557580169216
897274362300870677
897275522378244106
897182955846377572
897012863749742603
896600972040757278
896641301360050187
897018190515822632
896573036076097566
896642006321881089
897158063868489729
897275943280857119
896814677361827921
896915653112524860
896927210676584469
896951310648229939
896753658782416938
897196474037833769
896922177792802906
896790502278590494
896675617330851850
897279528328626196
896948678877663283
896942741685157929
897034143471390790
897230803279441950
897273746048573530
897274688106004540
896676077185929236
896910492507967579
897276266204500031
896586570344321084
897160460237934593
896929131869110282
896927884906737705
897038485263892540
896792330311454811
896638825755988009
896685341967286303
896929671567003648
897163854876905492
896790185214373958
896671294911823892
897034725171015680
897298487924899881
896791371334168627
896912660459839500
896674502577106964
897029055176642590
897274050462748706
897224674281394256
897040165187518464
897068481441329214
896639921987657789
897246866482286632
896670888165011456
896913884680712235
897045570726801418
896925432329420801
896670465249128459
897036364338569236
897276090916147252
897052346306150440
897033795180593182
896791733730422785
896728925084999721
897272728959205386
896933785004806165
896774535410515990
896675322378981377
897037349253419029
896939945837621258
896677431191150623
897160110718210088
896686433052553257
897162803612385280
897035649499148299
897275072560123954
896683033934037022
897036729280782367
897155686813806613
896672515492020254
897043426816688128
897272854423433277
897249900092342312
896730254327042149
896790452064358441
896927056296824852
897008999055114241
897026517438197800
896949475564716102
896914192009953310
896793920699260948
896790079035568248
896800615232069703
897037119661436949
897274952569479168
897230293684080712
897275776813129729
897033294791712809
897021820916600833
896789706472312852
897038754169126912
897154358926536714
897158662987075607
896947532851187723
897017451093565521
896673416676012083
896793130660143125
896931888126652437
896919605325467698
896926517819478078
897275422188929046
896799523639271506
896684807516467242
896662308774887424
896999632167657512
896830891572224060
897156766977101866
896919425029136414
897033359417561108
896917914333093899
896914932744998962
896930015009198143
896930790720553043
897159127875342408
896931319433560084
897011039269445672
896686330820583444
897039860429365308
896924048632733716
897033034719719445
897079307485200395
897033462698086421
896912939808870431
896796134650048582
897285097621950464
896951911050264596
897016137806643220
896686261719429171
897267131085893652
897023534210113586
897033287820787723
897274335247609916
896820961490378782
897275365448376390
896610005925658684
896571297964900422
897285674758197288
896793008291315752
896912702776172576
896932735313129503
896931156195422240
897162210877509683
897030993725255731
897184009262628925
896678265182359552
897153419234639914
897273627093925888
897152648174792764
896939767948795924
896914646274043925
896668696100106250
896670972722171934
897287486982721576
896932232785195069
897031696472502272
897056924699361282
897012040659529749
896911614605930507
897016244568489984
896569498130350111
897042675683983410
896793230912413797
896677142589505556
897030960418279435
897283612020461630
896823180147179521
896793220535713812
897033324399312907
896947490530680863
896920273490677780
896911348305375253
896928475410210818
897033101799223316
896719372914135080
896952265234071552
896673952573841459
897001348950814762
884903196340932659
896670060754649149
897068823813959731
896911352784883753
896730541997555743
897163915694329946
896927254247006258
896672231793491988
897222995477676082
897049887873568788
896978956429971496
896911503381372998
897159854307823697
896686377268281364
897175071792193556
896800926696869898
896804456941899826
896668626810175519
897033798401798145
896925814304673823
897204885978751006
897173272922304522
896925091764535306
897277115458785281
897274689720811541
897168950687858728
897258187986702346
896924967059456030
896914958678384660
896931182426591333
896669036614660117
896669162712231937
896769404887507015
897287576262672396
896912294531956759
897037527091925023
896926563495473216
896946679381631016
896912888202137600
896672839871131698
896803408885981195
896922444575670292
897068953426358313
897195638960291910
897041613753319424
897289588878491698
896927819421085727
896671300708360243
896793593312841748
897012791037272124
897287966421057547
897033882258509844
896916463695314986
896592787053633606
897168694520721429
897274380780961862
897038878500847656
896922068103336028
896636980790706216
897273220649070645
897274928670339122
896916009607381042
896793278224142376
897030948644872233
896569265728151563
896948491941736498
896677999976529940
896929852186304592
896927710574686238
897108755425153054
896876400177479702
897037394417704980
896940820190593085
897030202922770462
896670050604441641
897275455588159498
896914674975666176
896735716086808607
896569758592409621
896576950850707516
896789783320354846
896980494095351828
896916469202423859
897026263712145418
896911235335999511
896633418522165338
897151741215260702
897274340641488907
896685027646140456
896941744262893638
897273393286623232
896925873884786739
897030978969677914
897283395040739329
896626799637831700
896929680484085791
897274833308647484
897289370749505607
896911648533671966
897276633323548692
897275757741633617
896917086230691941
896663326992498699
897065950694744074
896687504189714462
897279060491784192
897273988315770970
896926760950722580
896930457860571166
897169348794396714
897274868729544704
896984911641215037
897275410251915294
896924706068897802
897031308105113712
897272726564270110
897276050155925564
896919813052584008
896673994093264936
897280185169235968
896798036204875857
897152619720634448
897213835965001798
897039026396217394
897159326987321414
897165203903504516
896669635435438080
897142021792354356
896675942456524801
897161869662494720
897291406358511617
896668822990368818
897189022554800128
896674265213042698
896914516514836490
896972709932711948
897040810896425011
896919822657544215
897275040045858846
896688324905951293
897156588710801408
897154611452981258
896682266405789696
897160343619506186
897078263128670258
897290108259172414
897022450389356576
896677234532823060
896796766295437313
897164537038503957
896932147422691368
896928169578352650
896686021180284938
896727150646919240
896687739297226772
897280396822192158
897062188970299403
896928018088464405
897233706010423317
897275681908588554
897272594850537492
897276809928900679
897046590425014303
896620842677600288
896682436082159617
896941237825839224
896931783118032919
897093818527129600
896940396863700992
896735552550883328
897157166300016692
896676073192972308
896914935555178516
897033810015838258
897275405814337617
896574211416555540
896601172746571817
896934480386854923
897284077604982794
896920165084725279
896911949198147584
896915710075351152
897249890726461502
896676664354938920
897187012694663168
896790452391510056
896672614947364866
896669548596592701
897234543122194492
897232447522099210
896739594131894283
896929238903570465
897048056288124959
897035952936091658
897291790523183204
897044703646724096
897030321978105866
897288914979676201
896913857900085279
896911640669335553
897283128236855387
897276180544245760
897040605664915456
897286713955737600
896929751317479484
896793384075796560
897036024704802836
896981614125527090
896673564701360138
897184411097907242
897031720619114496
896918445382324254
896946340599320646
896912346289672252
896912222285074530
897167361541541918
897034501962735656
897060133455134740
896669988692316190
897282251522453586
897285297874817084
896671628027625575
896574191648768011
896921176595656734
896676228042489897
896919474320580638
896684321409216522
897274122697060402
897274834080370738
896671581877714986
897155849183715399
896679025186070538
896674951862579200
897022939201962005
896737667834839050
897096107253985290
897031547545337917
897031780895453235
897280573263994900
897276306474012672
896944666698723328
897283782346932304
896943317928001537
897180753652219945
897276530844131378
897187829099167794
897030060018642975
897076933689503755
897244136380461078
896805163635986493
897275792730505247
897018449233072188
896926339364446218
897031243571544135
896730130372788257
896672368410374145
896913472145719346
896683407998853142
896717126675623956
897061861227372555
897186726496305214
897276176417046578
897285107260489749
896683428626448385
896929712939610112
896789700663205930
897072520547692545
897036299469455360
897037276230582312
896922695424442390
897018371579723806
896670874453807185
897217523446083606
896790088804089887
897014147391320075
897115014350143488
896919172024528956
896912810834022400
896794631218540555
897165418492493885
896790600840527934
897273664284799017
896867616331796520
896915490507722782
896822207706169375
896734590855680072
897210338578149376
897271616126455859
896682863448178688
897247391391047681
896927881341571072
897161547368001546
896932785267310592
896789307845640252
896686765140758548
896914266072961075
897275450294956033
896682234214490123
897161184590061618
896791760041287700
896678230071844865
896673476121862154
896679106828201994
896674881683484732
896926248104763402
896873886744973324
897174105760079904
896931307630764052
896790386339643453
896931929939660851
897283587332784180
896677994297425920
896672226630332446
897274432723234846
897035590187483146
896690112979677214
897153770054619176
896795053601742888
897035208300306464
896929621394743347
896929263515746324
896947521799217223
897151815924211732
897031169458176040
897275707732930601
896915708854808606
896568737006755911
897052515458240533
896912104995573771
897273239418597427
896919481945841716
897033429022019594
896927104300617758
896733217116270612
896669028297367562
896669696177356800
896801309968171020
897292420767686666
897276996600614913
896910604781101066
896669122920861717
896601901741768734
896645376147329065
896688847587520522
896574250671038466
896914010019070022
896683854155378728
896683472125583462
897156513855045663
897187322544685056
896925064946130944
896969231961309185
896911412771844137
896803206376620104
896912211186958376
896917864940961842
896920089411088454
896671403393294376
896593722257592381
896683335802298389
897053506668732476
897136909455855687
896790337018810380
897159383996309514
896916744373940264
897065126149128212
897032933183995914
896672268707581952
896924468306399262
896983770354302977
896570698229747743
896927153726291968
896789666110525440
897284022860931092
896929076428832878
897056039734743061
896940611075186759
896979890551816202
897273493836681216
897160972081451048
896674287526756382
897293229760851998
896674097008902144
897184231351021648
896912260365164554
897292725320294452
896929757051113484
896654638479200277
896998848046727169
897290573885628437
897269954322247701
896687732301115393
897154674828935209
896797636814860358
896925798995484682
897053051343482890
896676353313751101
897040301582090280
897290151615668295
896796052680740905
897228405563592738
896926285564117022
896960772129837078
896606935506362398
897154485607088139
896790930047246376
897095141087666307
896578693252657182
897243061455814737
897035058739830784
897014422436978689
897032839856525342
897281061833310238
897031075195396136
896782427752644638
896910566575177758
896790863076794420
897034808667033620
897091593654390806
897039626064232479
897200180980510720
896946076186189854
897057083822845962
896949349605580891
897261022195355719
896879914463162449
897290179298078821
896948267449995274
897118434675032065
897153586084073483
896913594975920168
896924184066785310
897276972667920517
896944987693019197
896675841386381323
896679504133632021
896967094732750879
896671777965633567
896674901065334834
896923789357621378
896681865598103552
897280875794939924
896912420927324160
896926904421081110
896931333924880414
897160035774365757
896574590476746783
896687525723275275
897038116035112971
896606144427077662
896684419253948476
896802277317279844
896588763621388289
896673136383234068
896672763618689034
896931195378614273
897276676382277632
897275835067809862
896671654732787752
896675337017122848
896668746905682002
897055970654572564
897295635039014944
896673236052492348
896978892177420338
896929343220121620
896797512176898129
897153444769591316
896577783994667039
897276149921615913
896670787031937034
897035646508605440
897274827570810922
897296510985855047
897168371261509673
896670390775054368
897197197366530139
897274787884302378
897292206635892736
896930742318284861
896924570563538974
897160947989356574
896669507362377728
896671106755358762
897053532480471051
897209112478224425
896671765047164928
896912941343993857
897154140910788678
896924213959618640
896961048341512252
896926073915310090
896931120829067294
896939814929170502
897275351670071358
897041592261705730
897274852552085535
897045003715633152
897046489937895466
896932552084959273
896954419277602907
896914630180470794
896927817013551115
897284179476250654
897283825070133299
896615862973386782
897272872651853824
897028381554655252
897032588173115412
896594171895357440
897033153716314113
897035652485509201
897099350428225546
896675230339194901
896998585663627285
897285697713602610
896917486887387166
896688195620712470
896919568738582609
896572547557105715
896924489101754368
897182240814039070
896914126851420190
896912266744721480
897272971578728498
896732103289471046
896924800759500821
897282762598395925
896932712198332446
897160553993207849
896960444646961182
896734376572887050
897178746929418250
897242817573830678
896789623152472074
897034888950210570
896670321355145227
897032345859797032
896680801142452224
896669786732388373
896827934822793268
897287534130909184
897092205301354568
897033838130241547
896838983059906651
896926162410930187
897272562281746502
896934011304280108
896920215227609099
896680358718873660
896675299331305533
896925726291402784
896959346372649040
896911309801680919
897031123127926815
897160843748323348
897041306365333514
897031308058984509
896680821191229510
897155451219755119
896795771784011878
896911014476525639
896928283067826237
896923837659222067
896682983673720872
897045063249567785
897013367200419840
896575269702369322
896569022349455381
896731186280423435
897041510669877269
896798066420637727
896687961855365130
897273805909676073
896797728892399646
896796240136798278
896914878487482388
897273921290768425
896949310510485616
897148657244205098
896732405170331649
896569697171034124
896694302753828914
896572919352803338
896675099732770896
896789933166034944
897096187428098078
896916882198765621
897156520159105084
896959453251915788
897265552106590290
896734312915959808
896950893243666472
897276192091176982
897276442033930291
897276978875486280
897044176749867010
896792337357889546
897154004612694066
896932190619848724
897274447701102613
896669069875490856
896922286014210098
896679948100718642
896651506818891786
897100999116869682
897179140128665640
896671733350817843
897251440249176067
897275321341050920
896750268866240562
896795534847799306
897039304688291870
896929215302225982
896673606094950460
897046455188078602
896996585651707954
896910393614667777
896929886697062470
896913053889753138
897274749464490035
896859852113072179
896910579221024809
896958390788567060
896960883564085260
896948423587156078
896924452246392863
897174151427670047
897164264656228362
896955714193489962
896910988069195807
897276680006164480
897281622494298162
897032284375494697
897289216797585449
896683899952980008
897292803044937769
897105503245717535
896575398048059402
896580330562125906
897275899261628416
896913033304096818
897276149212794961
897162883308343327
896944118981341244
896912898629206096
896926959932678204
896650231331057685
896966342262022154
896912380469080104
896789849602949160
896801889126064138
896958934039015435
896765597117972480
896794320991039559
896876930161328148
896920145346322442
896703802135150662
897276166388473886
896675246076203039
896795648349859893
896960233790910514
896911665554145340
897284642749698099
897291826564829224
897273061605277757
896987736387485756
897163911017689101
896910455228993606
896916820852875304
897282756340490270
896670798503350343
896914101249384459
896985020781187102
897008856947916822
897032690350563328
896916694453346336
897227194231832597
896622406490292275
896792062559674449
897038443559915520
897153049703895092
896937967623491595
897034485902749766
897042476832030722
896910941743099946
896638724119617567
896926450714808381
896694293790601247
896675818321870868
897038035076648970
897068219246993458
897281093965852723
897198466051219467
897277818860339240
896918147620294656
896918011498344458
897165567054737448
896791827674452058
896795865153425478
897048573194170409
896952468871729202
897152194128781375
896675307472437258
896790649490260038
897280471996719126
896920731777126412
896949710768721982
897028547338731560
897158753546297345
897286470644142120
896690386972577813
896925382375264276
896673532409446411
896806046390173706
896801026332590141
896677563978645525
897274652722860113
897005847253749760
897283138139590686
896931892660699137
896664092440399873
897011559417647125
897274586066993182
897275412906934303
896686287745081364
897276050139144252
897065607814590475
896911731891257374
896914971450015785
896571171158523945
897030324486275084
897291544921505883
896958071191003156
897288751406002246
896915207379619840
896673032712650772
897156161604841512
897089505637584897
896598995491782676
896673060889956384
896669163723034634
897027618614939678
897164921639428136
896640100476272650
897033110389161984
896916636823605310
896915836340666379
897154597838270514
896681195050524692
896674006650982410
897039765596172298
897244305234735126
896873419365310514
897274816841785374
896819590758293544
896669680993972265
896947568637018162
896793983626403852
897033591429660702
896669377951313930
897162114471432273
897188759156690995
896931706991415306
897273535020535878
896912232217214996
896915598771126363
896687269417738250
896930333029720115
896672638909419540
896920685534928919
896941728047702026
896968835662479422
896688526186385458
896707421442019328
897171247312535572
896914605186637845
897276553308811334
897281393648881745
896715295320858715
896671455440437278
897283073308262410
896639889913823232
896921560525463622
896674924876431411
897031274651336724
896789701493682196
897164798519803915
897159763559862322
896689074579046432
896914016448954369
896992767400620073
896911037188689971
897286117550854234
896962586690584666
896706758096093244
897280157470031952
896798644072767518
896926805003477012
897013331267817502
896641293747384320
897284596754944021
896578104674385941
897279647891456020
897284262364074005
897020563028082718
896665092970643507
897160810130993183
896800040343982141
896919255365341224
896792993829367859
896938742378536960
896791929763790939
896914004050595842
896642537215893544
897279462691983380
897169447725449286
897275288034095155
897056401397018624
897174916569391134
897155546040389662
897153931359182929
896696017829900349
897291388566265906
896670752588324895
897011492807921685
896929004228071504
896672710866923530
896929279294734366
897038609801150495
896683076128755763
896943903444451328
897178168014798908
897247104660029480
896634711877767188
896925228754669679
897300872072163358
897031951662350336
896915711140708404
896913268466126919
897039156524507166
896931277830250547
897037248707588128
896945572282519622
896677000062844958
897158166993838154
897034663644758066
896927471201562664
897043182834032701
896920105219395646
897275865107431434
896790945239031808
896674383895068682
897282506661974026
896790358606876774
896608559763161089
896931361628254238
896676894714523650
896949352851992627
897274597924286505
896910706052571196
897014345056276501
896930117555720192
897165119061098566
896669198200242186
896674653832105994
897044176284295190
896575833853005895
896795982795243560
896601202861703179
897156241640546366
896683768105021511
896910633491124265
897274434409357373
897160083673341964
896568511680380928
896674058891059211
897282875525836871
897038480587251712
896671333243580426
896642791856295977
897065272429662228
896910447633109022
896970801297887262
896790040942899260
896923331360600084
897034439484399648
896912926747807824
897157013602181181
897276360945446972
896678035087061013
896801076714561606
896911102020055110
897284507600822282
896912043209281597
897274001183895593
897214028806488094
896930670759252019
897189178788433951
896911728741339156
896669033959678002
896913034939871264
897004958736609330
896674570713571348
897044569072480277
896670815892938782
897089577976741928
896588446473273374
897275131100037141
896928517042864178
897048142992789514
897272851739074570
896958060130611261
896912024028737587
897232231792246824
897268520746893312
897033562283446283
896670977990221874
896729222268211200
897283801024188448
897272996069257266
897277040896663623
897275922208673793
897174134029701142
897060676323905576
896910163590647889
896958114350391367
896790439347232778
897274642992083004
897283875955425320
896685906994532363
896737828870967316
896680893593305098
896926310314680350
896669771158929449
897281375131009024
896952363926061087
896675673656160256
896673765029732374
896684843365199874
897232388575359017
897035288260534322
896915483532591114
897041189365252117
897281915529363477
897292680638377985
897036632794988594
896673257225322536
897193793948885062
896931107105275925
897031660510539776
896872286618017842
897040763349778442
897290330393673768
896922917554778112
896916071284609034
896684067578322944
896916526442119200
896922138513137745
896792691436814346
896913683924533308
896910764449878026
897288626738716713
896940998956023838
897273491630489631
897065090786930709
896915990502342737
897283172662919218
896801664277819424
897062311771136011
897273512010600488
897279543851761665
897037366315851848
896926461548724244
897152005846487090
896914338802171914
896685722122207252
896985826016243792
896920773246206023
896912053430779934
897181646015594527
896793648430211113
896801365588836382
897032511715151922
896912629421985823
896913702593388574
896709127508742154
897277711037390879
896912418159095868
897052529152647210
896925829517418509
897247530969079809
896672110863351868
896670646375972884
896912971228381265
897181125099782154
897039126396817420
897036355891240992
897164509427425300
896791305152249937
896918966461661226
896928261827854356
897275120148684840
896795150733410437
896929278346821652
897163109704294420
897275397882908682
896829007142744105
896670248114225173
897154070119325726
897164494160150610
896674900125839390
896668779428315156
897043619746308126
896730233191948299
896948159236964462
897157970046103572
896931136079532052
896703285610815498
897036893571670063
896675538268221460
896661743672127519
897031326719422466
896929212261339136
896752552232763392
896688533098598400
897276806229524552
896930680477454387
896924430687698955
896674963866664981
897281918482149386
896917415915569183
897104024443170816
897294072027443200
897032226951266314
896668734654119946
897293654459301898
896574063546363914
897033260104835123
896620677979865129
896948283895848971
896927933296410635
896912648858398720
896911480182673438
897290448681467974
897280016134598747
897275394170945537
897038861413265428
896631181477544016
897293207078076476
896806302548906074
896669817770242079
897031903641739296
896813603271872532
897238660548816937
897073464228343808
897155219991965706
896950580923211827
896617551453364246
896640248723963984
896911840406298635
896675137095598080
897281608892182560
896919790382350406
897160275986354196
897159454984904766
897033252919988244
897161031346950185
896639647239782420
897151912456110120
897273176650813461
896569811885228033
896693975430332446
896670671537590272
896916419533475880
897273089526755408
896677457325862932
896685578089811988
896957745377447977
897162666458640404
896921629635010672
897012876362022953
896929004093853718
897050004026429440
897076449826201610
896913878007554108
896912892325146674
896669826272071680
897280329205821460
896924944389247016
897275459979608064
897274385893822475
896793421379936257
896569258828496946
896792969158488185
896944760139448380
896910440548945930
896829771583995945
896579660937306182
897284182429020191
896624655505440778
897156949030883339
896911320010588241
897291317464412181
897152703988371497
897154472046907464
897275430451679272
897031878643683348
896790840842805288
897040055259000852
896601515781943307
896678274686660629
896931224147345408
896973070928060427
897168558595923979
897263346221477949
897274708477767741
897276750705348628
896919985438474292
897286694166994945
896638633199697951
897037538861137990
896945894396669993
896944676689575966
896917550775025666
897061939967053824
897073075739316234
897284354911387708
896910512833581056
897242494465626122
897008827273211914
896916970803449856
897009235869724734
897286340792705024
897056475871068180
896928072908025866
896670573629964288
897290899615272981
896950014998360185
896632241566916618
896675611572064256
897032635136749578
897010211867471913
896685191622455296
896730708918292491
897035264000663612
896668485109837855
897283407854334035
896821088267411467
897165606141460522
896928212423159868
897032811721150505
896912481442742282
897272826967507004
897025147914059776
897160127474450443
897157672967737396
896928114129662013
897043443912675348
897189935826763856
896640495986552853
897276681881010196
896923785368862760
896915215076163605
896914208678105109
897032145208504392
897000187082473522
897036627547934731
897034087884283925
897163386352205854
896742444564103208
897160105634725888
896994856143036437
897273900206002277
896581216185237507
897275701210804224
897029602436849714
896791325666582550
897038071835541535
896736512480280647
897023414328496159
897047887169601536
897154721146609664
896912956065980446
896795487506681871
896669256601718844
897291191324934214
896708521775759450
896911188351389756
897037070328021002
896911203484454943
897042882232467526
896790099604434974
896789506529833081
896915090417270845
896948546870341662
896923665764081725
896929785412984852
896685711208644608
896929694665035866
897055932587053086
897105138764890162
896926919940001803
896910934176591882
896753860373278721
897282815194968125
897048486166532107
896676150267502612
896927487957823538
896912198792790068
897276404163559484
897025195058003988
897163003303198740
897276230313869313
897044561187180584
897018788845875260
896791748372738120
897038224541777920
896572283387265114
896927784063107102
896929141222432811
897159888285868074
897018116427640863
896790330597326938
896578990196817992
896673451320934420
897163037155418172
897041490155569163
896641031871823883
896569375300132894
896641806702374962
897282357495734354
897285510286938123
896673005156061274
896920094939181127
896954456313319464
896798636669829180
896916776166768680
897027228582412289
896572344284360725
897161414853132381
897041052958085161
896911944353738792
896916988662779964
896650819615744031
897040950008893470
896675773530927124
896793316031615026
896912394557718548
896917891344134175
896928546415587399
896698856153174048
896696733977968700
897276086809948202
896919790432698418
897274327660114031
896755474295308309
896793526887657532
897033575424196608
897160044561440939
896910652378079312
897041674277097513
897274707794067477
896822051279605831
896911014317138012
896793718420557834
896679181407113226
896931482931724339
897275358464843818
896668855445889094
897245412199657522
897033273941827585
897293575237275660
896996387823177738
897274406991167519
896795860652945478
896790113185583164
896930706259849296
896693386977886248
896813329107013643
897272834307543050
896742281632153650
897152630009258145
896571942398738452
896686868794585098
896732686742343712
897282432070479882
897152686951133254
897186906683609118
896675782020169759
896924613081174056
896760911379963934
896942684319670333
897123203166633994
897159539416256522
896730378688143401
896918292596424754
896913823355764746
897036123719745586
896583769597833256
896671379875852298
897159504045703209
896976994472984617
897274583453929472
896672774800683018
896985225396101182
897159445996535879
896924007213957161
896672419299876864
897290880170483792
896911235788992534
896927155513077791
897274257032220794
896915249171664927
896928386256093244
896686476283244546
897190619171147827
897037182064263218
896920481909850132
896673652056150027
896793148058116096
897274297444364338
896678885910020127
896922433876033548
897031538233991168
896678819585466368
896807868878176306
897284603637805056
896675269845336104
897074679116861491
897004048392278056
896927838131855371
897266208003469393
897273414564315186
897275900163395636
896942418958639104
896671595949613056
897163522193125487
896931260914606131
897275700636168236
896944877265375232
896791008346533989
896685136756768778
897154336109518909
897038934478032936
896789740668477541
896919285635641454
897273394653970493
896587276656709651
896579264646897695
896911114674262056
897282421794435114
896918979191377951
896588068117704714
897153898832355349
896912861807398932
897007165095694386
896791977172013056
896945162725515274
896808362870702120
896925866947403826
897272807082319933
897166825547235389
896641405273907210
896659272346259466
896917750797180959
897096292285706260
897273337749852224
896672467031052328
897034238971510845
896698045452935178
897166869721669663
896671395981967360
896972683953209405
897285307043573770
897275372217966632
896944263231836161
897275804940136478
896939371847118938
896645689126314016
896672020773883905
896673186144460870
896699700680462336
896912219726565377
897295328699633674
897082472469246003
896670049874636811
896687932646244362
896933141275627570
896646693758582824
896569393578909697
897006704401727508
897273602657910864
896965609282240592
897284149537288222
897178030311632936
896970368051478568
896801182486519849
896793597456838737
896585919732260924
896731830366134313
896910904707391488
896911506443214869
897040184397426730
896683064657334313
896912210738184243
897031253772107828
896914768684793938
896668476192743457
897283629573603358
896802066025029693
896577964832063528
896943923942031382
896699795891159061
896922779423760385
897282415972741190
897171998755659787
896673133640187964
896986754039570453
897166145948360815
897033580218286080
897082021367676970
896821985089290311
896948981916135495
897277058940534824
897169833920172072
897159859445837866
896912059076345878
897038956204556308
896924392670507109
897268996364185600
896911500734783529
896958442076536923
897280471275294831
897288412472672266
897275566313574460
897013065260859422
896694749141041213
896673683203031083
896670469015605249
897285428074414092
897103039515746325
897042488768987157
897282224850886697
897291439183114281
897044274833657876
896687793563123732
897276073891487744
897158672696872960
896589051149291531
896803468172480573
896661582472429598
897037015806267423
896915049594101801
897037801277767720
897083582898638858
897287545623314463
896920703771750441
896789653334683758
897283039867043871
897046636583325706
897151892495405057
896919028528988232
896787219971444797
897065604920512572
897275322586779700
896675642823806996
896913915492057098
896798036720762901
896687856720961547
897275760027529216
896639646472220672
896790225387421696
897274493603565648
896672043163062285
897015899427577887
896669893775200296
896689159727636481
897285201611354112
896918779601256458
897159347560390666
896793082178187344
896917102437494784
896570354334584862
896941234864668722
897156230819246101
897169048729698304
896823068922638428
897032976456646666
896766575783346227
897035737877336105
897145450963021865
897049022492180510
897161315519463464
897037167342276608
896669681312727062
897032609794781185
897096716006883388
896925382203285544
896789610322079794
897274154477301760
897156369445167194
896671558381240331
897004896136609802
897273025970446356
897275344057401384
896926217482149979
897014993508257794
897272953459310624
897283577560064012
897275136103829524
897274288162361415
896684720874729522
897275373014908998
897044670838870046
896672227297198080
896796844326277181
896916453075341312
896910201653977091
897164737991819274
897274524289077278
897280246741610567
897161932820332585
897160679692333148
897033013710446602
897275387661414410
897276080589791243
897032573312712704
897036778438025216
897038890039390239
897275852612583474
896967346961395742
896929457548451922
896638667580375100
897167841122467871
896928443541885009
897027054409760819
896682786256195644
896908590202388541
896920078153564221
897011730289401926
897034575589556256
897276114949509130
897177581906952262
896929460236992523
896938653853564989
896692621257371659
896916884241399858
897273940198707240
897044022374309949
897293658091556865
897274314330636339
896910305492340767
896672989687468043
897279724504621097
897043928392536124
896795982140936193
896669229598781461
896568596606644286
897107984474308638
896686009620791320
896928892093354044
896790010823581717
896932063867990047
896690026426023936
897169741242851328
896799227081015338
897064647159578624
897034090832859186
897032182063849472
896742257548488736
897080490543153193
896638577541251105
897298851944345630
896572284003823648
896924612926009386
896677273858621440
896988413876641842
896569148346355742
896913480416903178
897275532180324362
896789842476802098
897154692092670002
896912619246608394
896670729393831996
897032431016747030
897274878623879198
896670791947653131
897281962660757517
896797556154171433
897274507583193089
897273176168476722
897037973974052873
897285039916724244
896673492047642665
896790895175807016
896672481807593472
896950349494124564
896669765957980170
896639696824836107
897163366513123449
896669157490294814
896913914326044673
897273288089305088
897282517286146069
896675842774683708
896672242124083220
896912349527683092
896836355517198357
896798584681410562
896911278231126027
896931290236977263
896614929606512691
896912778080698368
897020460112433152
896617225744711720
896700190248009758
897051094721626142
897274454441336833
897163431969435668
897274513669120010
896692821401157643
897041083668770846
896806463907979275
896912887094857738
897279521445806080
896803110519967774
896914259798286336
897009333085282324
897154856761053214
897284044172181555
896792875575181362
896913968243802163
897296507156430879
897057147882463293
897290837392781392
897162845798690836
897054736468041769
896917314086248458
897047964290281472
896911818948222986
897275411346620476
897156493877575761
896931980283904100
897241319783682089
897032724978753567
896912163573211198
896680346425389098
897037993607581717
896949397642960949
897034231795044362
896796343136317541
897231046238675004
896672350303572008
896921968211795988
897230684966502421
897268291884687420
897271990686187521
897015007190089759
896927438330810399
897009294451556382
897275190021591051
897274145614749726
897282462948925490
896973975937224744
897273383266430987
897037987349684234
897272720335732787
896790826661863475
897159565165076480
896616495369572352
896589123903701062
897286355044937769
896931336714092544
896928127220088864
896969736208941076
897273823634788392
897163253791227934
896994619001307146
896927463022669834
897032024735506432
896681155410133012
896965314770784266
896926905859706900
897289677529305128
896925793769365544
896790732134838333
896669769426669598
896678422707855371
896801356587872338
897169411302121532
896673437702037504
897156129505808384
897008385738817576
896668668161826886
896955569972342804
896670118195654706
896927865403215913
896943642399354920
897153800337489921
896636348834934814
896682875406143529
896926354459754496
897276982268690432
896923416521736302
897056012681486367
896927505938780271
896951796453482506
896914752150851624
896670507913588736
896678322665320518
897039256470577173
896914031405834290
897169935338463292
897027151654694933
896695015647109120
896928644746870806
897048284764450847
896800174557515817
896790393558020146
897259309572948030
897036812772577282
896925601141755924
897092143091433472
896924199967395880
896568872126251009
896672049689411634
896671795397132348
897040676762550282
896943189037056000
896928462407868436
897031343932866570
897272370270699521
896925988104052757
896670199351238677
897163844458278952
896930360527573073
896923181904973876
897083865062076468
897056793820286976
896673322048294953
896918249156001862
896924810523836417
897035037013315625
897027106612068353
897273716877185044
896923931540340746
896677195228012614
897274755265232917
897155538163466241
896920124362203207
897061332824760330
896676144886206495
897257305333182525
896590532879458315
897061563511492638
897163870580404226
896932725653643294
896673576592224266
896929817855918130
897274764765323285
897279985440653322
896642117181534218
896928898972016721
896990421819990058
896916609267036240
897039892134105098
897241845808103454
897275590342746132
896803885828702209
896840579453976616
897034789935263765
897031049509482516
897158032943874079
896670421305421844
896914512215699467
897055943601295390
897163021548404767
897280155700064286
896620700289351680
897008775100268545
897164261426597959
896969342661570560
896687219304194058
896641530536816680
896915539211997255
896682463349334026
896729463251935253
897275211274129448
896789892510658560
897273142605668463
896918941547507752
896670734141784095
897038675022602292
896673772277473280
897153431196811314
897040344846311424
897280809625616396
896931354346942464
896932393741611018
896938856258093087
896926463104806922
896928989426356255
896673879819427871
896569470741516309
896929718027296848
897154044240478228
897276392792817704
896692595634360350
896911894634434561
896675953521065984
896677188617785374
897159378027810847
897011771511038022
896968681383399464
897280011915128863
877771600655712306
896910482445836328
896793671289171988
897033101094567967
896675233136787477
896927388959645716
897055512053547049
897033381185982494
896931791884148816
897154844815654963
896921921764081696
896790083569610813
896928341549015060
897281441505894511
897031987322322944
897031255521120316
896704717198065674
896673624898015242
896699037795897374
897043719562362901
897155624360620062
896916068960993300
897290441416933427
896668690639118409
896768229786128434
896687028815675392
897159494063247430
897025807581589534
897196710575607858
896791718618337400
897291115575791626
897276158876463134
896688260556914739
896910943857020949
896972334664138783
897031744719556608
897043994914201630
897079565355204629
896710079175331890
896912610262384720
896939435453718598
896673016585531422
897010268842901526
896651311410450463
896597107597799434
896931976764866620
896670232997933077
897032092750348319
897284992625942558
897275667794767893
896675184046661632
896916651554005022
897157913150357517
896914083910148107
896948665875329094
896911080339673108
896671725293543464
897246394933448745
897013767672582195
897008752316784640
896671348087197737
897275542963892224
896672568403169320
897279685417926676
897002218669101117
896839495540944906
896966342173937675
897104802822123590
896914519056613457
896929232331079702
897247319660044318
897217573991645234
897160551782838293
896919401838813334
896683623065993217
897155364347314176
896672570718425138
897251943251070996
896925922102505492
896686025051631617
897275566183575633
896948591598395432
896913396761505853
896672177443704853
896674055007129610
896669793464238100
896570368834306089
896670355266097163
897291388281040957
896574604695449633
896925484225552384
897274694883999757
896914556037791824
896929316993134652
897031782648647680
896816427703623753
897275832882561054
897245071022383104
896675128090435604
896641306258997318
896789839347851265
896803236965658657
897010262132019230
897047191061921842
897243504038776932
896978990571589663
896915395292831744
897275771922554910
897282110384136242
896791131642290206
896918902590803989
896677523230978079
896913276691181598
896802855992840272
897188330322661407
897280261413306408
897162980834304041
896649331677986847
897273146015625257
896920352276500530
896941192091144224
897212629137883166
896918146294878228
896669201731825684
897055439458566154
896799344060157985
896734432017399809
897160661052829727
896684155390287922
896669095611736066
897277412046430219
897293411298725938
896915038848319499
896913458828804116
896675426372558878
897033754462285834
896931549394657322
896685111863562241
896733275316420638
896639166459310151
896792569713942578
897156946174570576
896914491684573234
896733668473700372
896926429047038026
896914799932366858
897031204308664410
896669113219440680
897274374946717777
897033221378813953
897036107777204236
896674395714617385
897166907235516459
897160582258642975
896931525508083732
896930390898520075
896954763449618452
896674831263727657
896580252376125450
897068540090273862
897031353386803201
897291800371417149
897033408138600508
896942296094875749
896972009886593095
896574601885282366
896692757119246376
896801609605062726
896943715921330287
897033278261972993
897273258318118973
896919559108431904
897043672028282922
896915571545878569
896912214118772756
896569297390931990
897244812409991208
896672869088645151
896673490571243521
897290658971287584
896671844734746625
896930211378110464
896672940576374804
896948504625287270
897281302875734027
896912562363441232
896949636022013979
896916990827040878
897031533221806090
897282001437093930
897275768692953119
896674100704067616
896675339328188437
896913767944835153
896670362572578836
896801758913892399
896915462716280852
897283336815394917
896840243641188372
896910187938582538
896739252174458952
897276036411191327
896587954762432512
896963802506067990
897285438421749780
897036931093905438
896674134694719489
897153436011884574
896668621315637259
896932311684239370
896913547135684669
896934210894434305
896602101998829580
896673602022305832
897081967684751404
896919101916717056
896795696676618292
897031469485162498
896672681401925644
896924475839352883
897273262076207134
896671674999644180
896740309638197259
896599101204992040
896915033399918613
897050566792978454
896672480863879188
897284893153820683
896672571137855488
896671713222328331
896675684364210216
897031122796560385
896931026658533437
896671627146854441
896830920248659989
896923622759882772
896929378225778741
896928541801873489
896917887757987860
897230559263203379
896790633329594429
896796150143787039
896706229643116554
897099248355663903
896951334945841222
897034638608957463
897273179326795836
896915778266345534
896915047400480768
897161855531909172
896683379330789397
896912961761869914
897154310532657153
896947237865816115
897283514830032896
896791014377938964
896573774613327954
897273554473746454
897282051546435584
896793194606493696
896669611838287873
897033502258786316
897164333560238120
896568806963552287
896793615085502534
897283371942699028
896672806199230526
896800113077403669
896674703077408798
897282873340616705
897032324796014622
897129825813282857
897283120963919972
896916610542100521
897109129099882546
897164762176188506
897032943896240138
897274095060783116
897073919373234228
897289850452054066
897157139670396938
896916596843479072
897052400781778994
896601490347675749
897035408834170900
896989438788399184
896918173897605140
897155264082501642
896822754639233095
896632023110778910
896919132287692870
897011704754483220
896915889381867530
897285423238361119
897033368636637194
897179604412928010
897274613258678323
896792813725941810
896949896043700274
896931540049752166
897275592406355988
896920247741845515
897056910048649217
897032897914085416
896670570370973757
896972008754143272
897048211682897940
897250346840236053
896924869034393630
897277141941616660
896976777828786268
896886233601548369
896570869822943233
897030939803267073
896631625088122900
897268122925559849
897286490374144041
896681863941353512
897289142197702686
897039357733666817
896672781255712798
896931074435842189
897032856151392266
897042551440306206
897173920195682354
897297596509462550
897282204017778700
896673953031000114
897285180820164618
897280402010558474
896791340044660797
897291627012440144
896911506720043028
896638558847270923
896669826175623199
897109175191076866
896923532175491072
897273813623013386
897276741754703892
896931163053109318
896912650607419443
896912526216933397
897037385991344148
896674714922127380
897241047153926145
897041038496129064
896673992235180052
897273645829865472
896790689461960734
896954404110991423
896669590149545994
897281018736824360
897273783075872801
897291800585322526
896675685559582731
896639364170412093
897034920512348181
897026595443867668
897034846986203157
896669692389892118
897235585264144385
896793377788555285
896956612575641661
897169990573260820
896676577130217502
897274809015218287
897082476718088252
897012951125479424
896915623945318491
896745516979847168
897286399433252885
896796700000288858
897156580611588196
896686091241922570
897284770990538783
897043666185621556
897274509265100830
897177861025333330
896794400171106355
897038513600610354
896930300905537587
896573044703776829
896654989139779584
897094829551517726
896795234128781343
897049826666090527
896646557884088341
897218310901481472
896999212775014400
896684987351453756
896578628815573003
896673669437341718
897274513610375178
896790917879566377
896790292974436424
896796310181642300
896976153443704865
897014472084967465
896917602738262068
897165447227637800
897180259579990108
896677434236207146
896640515448143893
896910976543236097
897041043038564413
896789700004700161
897276130208387142
896926901753495563
897217731915567186
896988480947757097
896913531155406888
896675211485782057
896916372800536597
897156957042012268
896797384816869428
896639993135628318
897071825169829888
896924462589571082
897282224465018880
897184785397596210
896636483648229396
896931831029579788
897273349967847435
896640380156670023
897158757908361216
896678426184937512
896794307183390831
897282153832914985
896672097554796555
896916469131145247
897029986144374784
896915247326199849
897282134631395338
897158674357825536
896672019914035250
897290677115826247
897155104749269072
896799559165018232
896948676319133726
896733082651066439
897277443096866816
896912664473788477
897276700428234892
896920239571345419
896914993386233856
897009499053916160
896929286714425466
896914953410322432
896684689195171870
897273570156228671
896986593875882054
896932719899082782
897039833086697523
896955250441850891
896689551194599434
897032844055031839
897286479448010762
897158061171564584
896690350482157579
896971750779281430
897288436132765766
896668703897305089
896921764846796800
897281672184209408
896972588536971274
896910470546608169
897273875233112084
897121017728741406
897273306087039046
897157340753707058
896915831869542490
897168851786166304
897274542353952778
896790349282938911
897015215563087903
897273929096384563
896742268407521281
896924254749196358
897290151074611220
896924990040072252
896682577069482034
897037412042166362
897247670849142806
897276505313411133
896704497533992961
897039331896750102
897210869908377682
897166089623060550
896924161438539796
897034252925956216
896926989863239733
896639062679633941
896789733387169842
897284170194235392
897273161576513606
897159317801824278
896675068564897822
897154760241725470
897038236617170944
896794078614786048
897180028402561114
897037950712434698
896792413127983184
897207666261237811
896797988809216031
896915016354263050
896938018164846603
897158210807558185
896588173080133634
897024460119498752
897198778241667133
896919669355716629
897043027149856768
896930711125245983
896794610670657556
896930056604102678
897287549125533776
897158800585416705
897273642323435551
896570009646690325
896638314948489227
896686040583139348
896984836621877299
896922864085786696
896914972435709992
896952496868716616
896916460541198398
896929337603924008
896675360731709450
896659969905164298
896918736613810227
896672763052458034
896960001212563488
896631911374528542
897036461377982464
896680916729094145
896940746630889493
896791016160493591
897068376868925461
897159882325786684
897033626900897833
896915558967164949
886064289675366420
897279062916104213
896675937758892072
896578679252078602
896928823457742870
896617452539101194
897033557376110656
896795687377842257
896916695954894858
896790766691684415
896912462950064208
896698128277860373
896927998836617238
896946522632122510
896671223910662184
896926423091130431
897186665083318312
896741503043530782
897281968092348448
896791562212749333
896914562039816242
896684412861816874
896927281610621010
897031267890102293
897276145345658902
897239757589999668
896793857352683580
896680487286878208
897164847320530966
896672555522478080
897273052532981810
896681061227069472
897043262437748787
896671904834924545
896570639899586562
896928844001452113
896671621098647622
897275912503033856
897276047685455875
897052688401961001
896915246034346016
897076999745589258
897275577759830056
896911198820401172
896924229826662430
897275760778293259
897034878162460672
897275661838868523
897048125343141888
897018759779323924
897034140564729858
896930319796699189
897152696463798322
897275197701390346
897284241019244564
896626068084125767
896959478908473394
897184974376169563
897293542769172541
896918353543856200
897043221002190879
896615773907320832
897275899467161602
896984966951485481
896919697478549504
897289539498946651
896789703846666292
897040520805769236
897032061263683585
897275232052715541
897012196775723068
896915405099114496
897273062729326643
896927829395124224
732858095910387844
896929535063375892
897171301976928286
896947369470464061
896672587504037899
897287678234624040
896574226826399795
897289654167023677
897277344258076723
896923848614752356
897031112696680478
897011809347829790
897031797337116702
896568641254981652
896672801900093482
896772632169570356
897165996555665469
896673999579398154
897037388482744330
896795865153433761
896672082874753076
896956578199121960
897036485176467476
897009867926163496
897221896062513172
897034542358102016
897294732659662898
897269525144281128
897275219172007997
896671119858360340
896732452083605524
896790342920179753
896572369957691402
896795549980844063
896654663972184065
897180239086649385
897026990907981844
896931943218831370
897276522753318962
896951039410978837
897011802402066472
897262993992196196
897168831146000456
896796060889002065
896940681019404329
896695230861037609
896675211217350656
896927500574269441
896790054867972136
896719356837392394
897175710723096606
896924425289596930
896743787664134145
897015288355250206
897285039346290738
897284858924113930
896917088831152129
897299907818422342
896673461685084190
896911759024197642
897276387885482035
896958490990493698
896684957546721321
896639059055747103
896671084437438485
897276940178825227
896931576837976095
896680484879343627
896688327552561202
897283649223950416
897164012586926130
896919910263947325
896793033822076939
897257354456870972
896915492726534214
897259975104159804
896674360654454864
897273033184661536
896790632448798791
896797943632371713
896911768587206700
896931975473025025
897036504252166225
897042894605664296
897276681021169664
897047743053307935
896917239658340464
897285372239810590
